3a)

e =

   3.14128940206992e-07
   1.01778682854363e-01
   5.34726605916866e-02
   3.83644165904570e-02
   1.20454794364806e-01

3b)
e =

   2.21210531670124e-06
   2.23888955847018e-06
   2.46672604342635e-07
   1.50809537170849e-01
   1.70955645505803e-01

3c)

e =

   2.82588050182220e-07
   1.32275305559093e-05
   1.96310588279625e-06
   4.62617064481835e-06
   5.62121598386700e-07

4a)
e =

   5.57204903386954e-06
   8.94206341063025e-02
   6.96736749314932e-03
   1.31128977056077e-01
   7.29150556624208e-02

4b)
e =

   1.97271398003074e-06
   1.56387741185871e-05
   1.05949822686788e-05
   8.36945405055923e-02
   3.36241020002239e-02

4c)
e =

   6.09505131402011e-06
   2.79206028110310e-05
   3.93434730151798e-05
   3.38890748193821e-05
   2.85690816251571e-05

5a)

e =

   7.41564685047269e-07
   1.22306742447753e-01
   2.84237281719386e-01
   6.17325936170009e-02
   1.54787518630523e-03


5b)

e =

   3.89915389698015e-07
   2.04317964785927e-06
   1.39987199031244e-06
   1.58869179782212e-01
   2.67648902523867e-03

5c)

e =

   8.57149750378705e-07
   5.07209018510424e-06
   2.00696787977517e-06
   3.09745779877857e-06
   6.08170666729912e-07

6_3a)

e =

   6.93889390390723e-18
   1.87016036254111e-01
   1.05858977334859e-01
   2.67652018807568e-01
   1.40969371525189e-01


6_3b)

e =

   9.85322934354826e-16
   1.38777878078145e-17
   9.71445146547012e-16
   6.02180470483583e-02
   2.54199365682852e-01

6_3c)
e =

   1.20736753927986e-15
   1.87350135405495e-16
   2.29330443524134e-15
   3.19189119579733e-16
   8.88178419700125e-16

Bonus)

e =

   2.77818408822572e-06
   6.39480579725515e-07
   8.56564309231755e-07
   1.47781988831669e-05
   4.98113753122191e-06