3a)

e =

   2.55017540219671e-06
   4.39845979837848e-02
   1.39866386884583e-01
   1.34473590661256e-01
   2.05712320143001e-01

3b)

e =

   6.73280975499457e-07
   7.42588762848428e-03
   1.42103879317879e-01
   1.18173179836960e-03
   1.47104342564263e-01

3c)

e =

	4.93388562371189e-06
	2.92365274640050e-06
	8.93314754030206e-07
	1.96933842474406e-06
	6.70081571729764e-07

4a)

e =

   2.20670242232629e-06
   1.39153220847720e-01
   1.71336133875853e-01
   1.55254996106292e-01
   1.43101991820751e-01

4b)

e =

   1.10993602384091e-05
   3.23194682449408e-01
   7.61711341578629e-02
   2.17340332262314e-01
   2.37496606814724e-02

4c)

e =

	5.32912286901888e-06
	1.40734088138195e-05
	8.01693826854577e-06
	1.08363197143524e-05
	2.37400014592715e-05

5a)

e =

   1.99333521220223e-06
   6.13051473794453e-02
   5.74052323579872e-02
   9.09866920101762e-02
   1.35044927395855e-01

5b)

e =

   2.44440696092751e-06
   7.75345623422065e-02
   1.62601507893726e-01
   9.78573730978026e-02
   2.92772497216191e-02

5c)

e =

	1.00760925185461e-06
	3.42145000390565e-06
	5.82747829486890e-06
	5.32342905579242e-06
	6.49310800056313e-06

6_3a)
e =

   2.22044604925031e-16 %  se estimo  este valor
   1.66533453693773e-16 %  este
   1.38777878078145e-16 %  y este
   8.99208291096193e-02 %  pero estos no
   1.83445798901480e-01 %  por eso aca hay tanto error

6_3b)

e =

   1.52655665885959e-16%   se estimo este valor
   4.16333634234434e-17%   este
   1.42247325030098e-16%   y este
   9.75318874049758e-02%  <- el resto son 0 en h_estimado y este numero para h real
   6.84371719206034e-03
6_3c)

e =

	2.42861286636753e-16%   se estimo este valor
	1.41553435639707e-15%   este
	1.08246744900953e-15%   este
	6.59194920871187e-16%   este
	1.24900090270330e-16%   y este


%% BONUS sigma=0.1 (10 veces mas) Lguess=Lreal=5 E=512%%%
e =

   5.33679760925110e-05
   1.09664168479792e-05
   1.44984039789214e-05
   6.34625783416084e-02
   5.77048227469393e-02
