3c)

e =

   4.93388562371189e-06
   2.92365274640050e-06
   8.93314754030206e-07
   1.96933842474406e-06
   6.70081571729764e-07

4c)

e =

   5.32912286901888e-06
   1.40734088138195e-05
   8.01693826854577e-06
   1.08363197143524e-05
   2.37400014592715e-05
5c)

e =

   1.00760925185461e-06
   3.42145000390565e-06
   5.82747829486890e-06
   5.32342905579242e-06
   6.49310800056313e-06

6_3c)

e =

   2.42861286636753e-16
   1.41553435639707e-15
   1.08246744900953e-15
   6.59194920871187e-16
   1.24900090270330e-16
